20 200 6
11 7 19 14 13 0 
15 0 3 5269 16 10 106 14 1 70 17 3 77 52 6 837 56 4 170 80 9 117 86 16 125 129 8 191 171 0 101 173 18 308 238 17 159 263 11 78 312 2 236 324 19 122 340 7 197 346 14 136 350 
4 0 9 4599 19 7 206 34 11 81 37 6 313 39 0 162 45 9 75 64 19 105 69 15 170 81 1 69 105 3 115 113 17 159 115 2 214 123 18 528 125 14 88 167 16 123 189 8 220 191 5 142 209 10 105 223 12 2299 249 13 105 253 
16 1 0 12336 18 8 402 1 3 224 76 17 142 93 15 125 128 19 364 149 6 711 152 18 297 178 1 122 183 4 123 188 5 205 193 2 525 201 0 411 275 7 197 276 9 165 295 14 227 329 10 271 339 12 3282 344 11 360 348 
3 1 2 6096 18 18 467 6 17 223 9 15 77 53 16 224 77 6 337 88 4 115 112 8 364 143 0 116 195 9 229 204 1 68 221 5 179 272 11 226 282 19 162 289 7 269 298 2 313 301 14 135 307 10 126 335 12 1264 353 
8 2 0 22310 16 16 402 0 5 503 3 3 364 142 6 1030 156 18 405 168 15 191 170 4 220 190 2 397 210 17 404 217 1 237 240 19 256 256 7 199 280 0 480 311 14 265 318 9 200 322 12 2265 342 
6 2 6 37449 19 13 367 26 0 509 29 4 313 38 9 323 47 15 837 57 1 456 59 19 806 73 3 337 89 17 417 101 2 790 109 18 477 111 16 711 153 8 1030 157 5 404 187 11 299 229 14 580 267 7 358 269 10 952 321 12 3422 333 
17 3 2 8004 18 3 223 8 2 308 11 16 142 92 19 137 94 6 417 100 4 159 114 1 137 118 5 243 132 18 539 146 7 153 206 8 404 216 9 133 242 14 198 246 12 1864 254 15 159 262 11 96 290 10 133 330 13 118 336 
0 3 6 9892 15 6 509 28 9 164 31 4 162 44 19 179 140 15 101 172 11 106 174 3 116 194 18 646 196 2 285 214 1 139 233 7 218 270 16 411 274 12 3693 284 8 480 310 14 114 316 
9 3 7 6553 19 0 164 30 7 101 33 6 323 46 19 100 55 4 75 65 15 117 87 1 79 181 18 356 198 11 200 202 3 229 205 2 211 218 17 133 243 14 122 265 10 321 279 12 2060 287 16 165 294 13 94 315 8 200 323 5 85 327 
1 5 3 4096 19 15 70 16 12 1882 19 19 92 50 6 456 58 18 442 62 2 287 102 4 69 104 17 137 119 5 175 120 14 134 154 7 102 160 9 79 180 16 122 182 3 68 220 11 113 226 0 139 232 13 59 236 8 237 241 10 246 250 
19 5 4 7710 19 12 2851 20 14 118 23 1 92 51 9 100 54 11 142 60 18 308 66 4 105 68 7 146 70 6 806 72 17 137 95 2 238 97 0 179 141 16 364 148 5 152 162 8 256 257 3 162 288 10 123 302 13 154 305 15 122 341 
5 6 0 5377 16 8 503 2 18 377 5 2 306 83 12 1277 98 1 175 121 17 243 133 10 169 136 19 152 163 6 404 186 16 205 192 4 142 208 14 194 225 13 107 235 3 179 273 7 236 292 9 85 326 
18 6 1 30840 19 5 377 4 3 467 7 2 536 41 1 442 63 19 308 67 6 477 110 14 397 116 4 528 124 13 259 134 12 2141 144 17 539 147 10 512 151 8 405 169 16 297 179 0 646 197 9 356 199 7 477 213 15 308 239 11 380 259 
2 6 2 24966 19 17 308 10 10 474 13 18 536 40 5 306 82 14 398 90 19 238 96 1 287 103 6 790 108 4 214 122 12 1849 159 13 342 185 16 525 200 8 397 211 0 285 215 9 211 219 7 622 245 11 329 296 3 313 300 15 236 325 
14 8 4 6096 19 19 118 22 13 125 25 11 159 74 12 2621 78 2 398 91 10 229 107 18 397 117 7 144 127 1 134 155 4 88 166 5 194 224 17 198 247 9 122 264 6 580 266 3 135 306 0 114 317 8 265 319 16 227 328 15 136 351 
7 8 7 7384 19 9 101 32 4 206 35 11 90 48 19 146 71 14 144 126 13 208 139 1 102 161 12 2891 176 17 153 207 18 477 212 2 622 244 10 177 261 6 358 268 0 218 271 16 197 277 8 199 281 5 236 293 3 269 299 15 197 347 
11 8 9 5698 17 4 81 36 7 90 49 19 142 61 14 159 75 13 78 165 0 106 175 9 200 203 1 113 227 6 299 228 12 1516 231 18 380 258 3 226 283 17 96 291 2 329 297 10 208 309 15 78 313 16 360 349 
10 9 2 10180 17 2 474 12 15 106 15 12 1681 43 14 229 106 13 195 131 5 169 137 18 512 150 4 105 222 1 246 251 7 177 260 9 321 278 19 123 303 11 208 308 6 952 320 17 133 331 3 126 334 16 271 338 
12 9 3 174762 18 1 1882 18 19 2851 21 10 1681 42 14 2621 79 13 2635 85 5 1277 99 18 2141 145 2 1849 158 7 2891 177 11 1516 230 4 2299 248 17 1864 255 0 3693 285 9 2060 286 6 3422 332 8 2265 343 16 3282 345 3 1264 352 
13 9 4 4481 14 14 125 24 6 367 27 12 2635 84 10 195 130 18 259 135 7 208 138 11 78 164 2 342 184 5 107 234 1 59 237 4 105 252 19 154 304 9 94 314 17 118 337 
