10 40 2
1 6 
1 0 1 4969 8 6 193 0 8 259 3 3 82 23 0 135 25 7 104 31 9 97 39 5 88 41 2 344 49 
0 0 4 15196 7 4 191 12 7 149 15 1 135 24 3 311 32 8 171 61 6 489 68 9 354 73 
6 2 0 20560 7 1 193 1 8 274 21 3 223 27 2 679 37 9 170 53 4 497 57 0 489 69 
8 2 1 8525 7 1 259 2 3 124 5 6 274 20 9 188 58 0 171 60 4 276 65 2 368 74 
3 2 2 5349 9 8 124 4 2 207 7 9 172 18 1 82 22 6 223 26 0 311 33 7 102 35 5 189 43 4 187 51 
7 2 4 6721 7 0 149 14 5 108 17 1 104 30 3 102 34 9 111 44 2 275 55 4 118 63 
9 3 3 4315 9 2 287 8 4 99 11 3 172 19 1 97 38 7 111 45 5 82 46 6 170 52 8 188 59 0 354 72 
2 4 2 24966 8 3 207 6 9 287 9 4 339 28 6 679 36 1 344 48 7 275 54 5 266 67 8 368 75 
4 4 3 8322 8 9 99 10 0 191 13 2 339 29 3 187 50 6 497 56 7 118 62 8 276 64 5 93 70 
5 4 4 4899 6 7 108 16 1 88 40 3 189 42 9 82 47 2 266 66 4 93 71 
